3 302 194 56 314 202 57 2 M
3 369 339 75 380 343 75 2 M
4 140 320 163 145 326 166 1 B
5 309 404 51 316 410 52 3 M
6 189 337 77 194 343 78 2 M
6 356 346 60 373 363 63 2 M
6 361 353 47 376 361 49 3 M
11 303 328 65 309 333 67 1 B
11 397 185 68 403 192 69 2 M
12 133 203 82 137 207 83 3 M
12 156 169 61 160 173 61 3 M
12 162 364 69 167 369 70 3 M
12 332 192 48 338 197 49 2 M
12 362 213 60 368 219 61 3 M
16 138 281 31 144 286 32 3 M
16 417 232 58 432 248 61 5 M
16 424 171 64 450 191 67 3 M
17 310 334 73 317 341 77 2 M
18 88 293 65 93 298 66 3 M
18 433 272 46 447 288 51 1 B
20 308 216 30 312 221 35 3 M
24 159 159 59 174 178 62 3 M
24 328 362 44 333 367 45 1 B
27 294 234 23 300 241 25 3 M
27 326 260 40 332 266 44 2 M
27 353 278 54 362 286 56 3 M
30 225 362 36 229 368 37 3 M
31 150 350 41 160 361 44 2 M
31 182 353 18 189 359 20 3 M
33 378 318 29 388 326 31 2 M
35 296 337 17 302 342 18 3 M
36 135 304 66 148 318 75 5 M
36 179 342 79 188 352 85 3 M
37 373 356 30 380 368 33 4 M
39 143 264 153 150 271 159 1 B
40 96 384 77 104 390 78 2 M
42 173 263 73 182 274 74 4 M
42 298 345 80 304 351 81 3 M
42 397 276 36 401 280 37 3 M
44 98 216 71 113 230 74 3 M
45 116 224 75 122 227 76 3 M
45 389 353 61 398 370 63 3 M
46 76 218 82 85 223 88 3 M
46 427 326 86 433 334 87 2 M
49 115 225 65 120 230 66 2 M
49 317 126 71 321 130 72 2 M
49 325 135 62 342 151 68 3 M
49 337 365 65 346 371 66 2 M
49 350 135 67 365 151 71 3 M
49 358 167 62 363 171 63 2 M
51 158 186 51 170 198 55 2 M
51 333 236 35 353 250 39 4 M
52 343 228 81 354 237 87 3 M
54 377 290 50 388 291 51 4 M
54 390 278 44 415 299 50 5 M
55 407 325 46 415 333 48 4 M
60 367 295 70 391 314 76 5 M
63 130 278 26 136 285 27 3 M
63 184 328 64 191 337 66 3 M
68 406 212 108 415 222 112 2 M
70 374 224 53 378 229 53 2 M
76 69 281 218 79 290 223 3 M
85 143 201 124 148 204 125 2 M
85 230 313 84 235 317 85 2 M
87 342 318 9 346 322 10 1 B
90 116 279 31 122 287 33 2 M
91 175 203 99 184 211 103 3 M
103 416 356 40 420 361 41 2 M
111 228 351 63 235 358 63 3 M
118 219 311 103 225 316 107 1 B
118 390 271 120 395 278 124 1 B
122 107 343 84 115 351 86 3 M
124 128 231 33 135 236 35 3 M
124 177 317 28 185 324 29 2 M
124 353 267 25 360 273 26 4 M
124 385 282 46 399 292 48 2 M
125 124 300 151 129 306 153 2 M
126 273 346 48 276 352 48 1 B
126 358 210 38 363 215 40 2 M
128 163 302 100 167 307 102 3 M
129 159 184 112 163 187 113 3 M
129 210 359 90 219 368 94 2 M
129 212 199 162 218 204 165 2 M
129 355 334 48 361 341 53 2 M
129 403 216 146 408 221 147 2 M
129 406 176 94 410 181 96 2 M
130 360 303 179 368 308 184 1 B
131 385 328 117 390 338 123 3 M
135 100 238 65 105 241 66 2 M
135 321 204 21 327 209 22 2 M
136 303 251 15 309 259 16 1 B
136 341 287 25 349 299 28 1 B
136 355 314 38 370 328 41 3 M
141 111 180 154 115 186 156 3 M
141 150 187 160 162 203 166 4 M
145 179 351 85 183 354 86 2 M
145 183 357 76 191 365 79 3 M
149 151 396 69 154 400 70 3 M
149 360 395 61 367 402 63 1 B
152 212 194 73 221 203 76 3 M
161 395 341 71 401 346 74 3 M
164 234 300 83 241 306 86 2 M
164 382 326 101 397 340 110 2 M
164 392 282 125 398 288 129 3 M
168 388 239 108 395 247 112 3 M
171 366 281 52 374 285 53 2 M
171 371 231 45 376 236 46 2 M
171 383 274 55 390 280 56 3 M
175 404 238 47 416 251 50 2 M
177 130 332 43 138 342 45 3 M
241 75 204 191 83 209 192 3 M
241 78 341 197 82 345 198 3 M
241 343 372 195 348 376 196 2 M
243 191 391 70 198 396 73 2 M
250 358 317 41 375 332 45 2 M
251 160 305 52 169 312 54 4 M
254 123 261 40 137 271 42 3 M
255 181 347 75 189 354 77 2 M
256 201 380 79 209 397 84 1 B
263 170 154 48 175 161 49 1 B
271 390 299 63 397 307 64 2 M
272 206 388 36 214 395 38 2 M
273 88 254 72 94 261 74 2 M
274 142 301 49 153 313 53 2 M
276 181 162 58 185 166 59 3 M
277 125 274 21 142 288 25 1 B
278 161 336 88 171 347 91 3 M
280 125 285 194 128 291 195 2 M
283 307 263 33 312 270 35 3 M
284 104 334 74 110 341 76 3 M
292 409 344 295 416 351 304 2 M
296 96 318 48 115 337 52 4 M
298 176 337 47 181 343 51 3 M
299 235 266 83 238 270 88 4 M

489 84 318 89 93 323 91 3 M
489 134 214 50 138 219 51 2 M
489 352 285 63 357 292 65 2 M
489 380 288 61 391 299 65 3 M
491 80 224 418 86 229 424 1 B
496 87 152 172 94 158 175 2 M
500 134 161 84 144 168 85 3 M
501 78 303 156 82 308 159 3 M
501 342 317 70 347 323 72 3 M
509 158 322 15 165 329 15 2 M
521 384 179 137 388 183 140 1 B
525 371 389 251 375 393 254 3 M
530 89 191 95 94 197 97 2 M
530 376 207 99 393 222 105 1 B
534 326 364 43 345 382 46 1 B
539 351 392 114 357 400 116 5 M
542 56 270 252 59 274 255 1 B
542 104 341 229 109 347 234 1 B
549 135 304 106 152 318 111 3 M
552 78 359 78 90 369 80 4 M
557 112 349 108 123 359 115 3 M
562 144 377 230 151 383 233 3 M
565 120 389 92 130 397 95 2 M
568 83 213 131 93 224 135 1 B
568 101 259 123 108 267 126 1 B
568 144 337 58 149 343 61 3 M
571 180 122 61 186 129 61 3 M
571 381 142 67 389 155 70 3 M
577 119 304 38 127 311 39 1 B
580 175 181 89 181 187 93 2 M
586 127 326 49 132 329 50 2 M
590 412 250 239 420 255 246 4 M
594 444 192 175 454 199 177 3 M
596 95 154 80 101 160 84 3 M
596 135 347 51 143 364 58 4 M
602 176 216 101 182 223 103 2 M
602 413 252 131 419 257 134 1 B
604 96 276 227 103 282 230 2 M
604 365 192 207 371 198 208 2 M
604 427 226 283 433 239 289 1 B
605 88 272 85 93 278 87 1 B
605 397 162 107 407 169 109 1 B
607 345 186 40 349 193 40 2 M
610 350 341 51 356 347 52 1 B
614 413 211 169 419 218 176 3 M
615 82 224 137 87 230 141 2 M
615 149 276 104 154 282 107 2 M
615 383 281 109 391 287 113 1 B
620 95 232 78 104 239 82 4 M
222 134 323 52 143 330 54 2 M
223 336 273 192 341 281 197 5 M
227 375 170 59 383 179 61 4 M
230 111 246 55 116 251 56 3 M
232 120 314 42 125 320 43 3 M
233 160 355 40 166 361 41 3 M
236 246 305 68 255 316 70 2 M
237 119 295 71 126 302 73 3 M
237 164 206 60 176 218 62 3 M
237 183 200 73 189 206 75 3 M
301 157 330 340 162 336 349 2 M
301 170 173 290 178 181 298 1 B
305 170 177 106 173 190 108 4 M
309 122 202 32 140 214 36 4 M
320 145 250 85 150 258 86 3 M
323 117 148 42 123 160 43 3 M
323 125 152 44 132 156 45 1 B
329 145 255 49 152 258 49 2 M
329 168 191 45 173 197 46 3 M
338 110 334 135 116 340 138 4 M
341 287 388 111 294 396 113 3 M
341 423 300 163 431 306 168 3 M
348 378 312 74 395 321 78 3 M
351 108 124 37 116 137 39 4 M
351 338 283 15 346 292 17 1 B
353 140 173 151 148 180 153 5 M
356 60 256 115 70 267 118 3 M
356 426 287 78 431 291 78 2 M
356 448 230 125 454 237 127 3 M
356 448 336 131 454 344 132 4 M
356 457 220 127 461 227 128 3 M
358 103 202 89 114 211 95 3 M
358 154 229 172 157 234 175 2 M
358 414 141 242 418 145 245 2 M
360 164 193 120 168 197 123 3 M
362 401 224 57 408 229 58 3 M
363 103 190 146 115 197 151 1 B
367 374 332 276 378 337 280 1 B
372 180 352 198 186 358 200 1 B
372 417 257 167 424 263 169 3 M
373 71 333 277 77 340 286 1 B
375 154 180 232 160 187 239 1 B
375 169 175 216 178 186 225 4 M
376 411 339 352 415 344 354 2 M
386 149 367 207 155 373 213 1 B
386 389 227 113 391 230 116 4 M
388 94 207 107 99 214 110 2 M
390 130 357 36 137 365 38 1 B
390 186 329 61 198 344 65 1 B
390 187 176 33 199 182 36 1 B
394 74 361 114 80 367 115 3 M
394 88 283 98 96 292 101 3 M
398 158 186 119 161 189 121 3 M
399 173 153 113 179 162 118 2 M
406 311 361 63 326 378 72 2 M
407 110 356 81 117 364 84 3 M
407 208 202 87 215 209 89 3 M
407 398 202 80 405 212 82 1 B
408 118 185 131 122 191 133 3 M
411 55 241 413 60 244 420 3 M
415 114 292 83 122 298 86 3 M
415 276 210 70 298 228 77 5 M
416 380 393 80 387 399 82 3 M
419 423 264 48 430 272 51 3 M
420 95 245 87 107 253 89 3 M
429 143 184 220 147 193 224 4 M
434 145 163 260 152 173 266 3 M
434 153 140 271 162 148 276 2 M
434 154 192 246 161 201 251 2 M
435 90 386 63 96 390 63 1 B
435 122 197 76 129 206 77 3 M
435 127 284 56 144 291 57 1 B
436 227 189 29 234 197 31 1 B
443 229 174 110 235 179 115 2 M
448 67 260 322 71 268 326 4 M
448 412 294 268 418 300 271 3 M
450 80 361 95 91 373 99 3 M
450 117 418 116 129 428 120 4 M
452 112 263 54 116 268 55 4 M
454 142 289 113 164 301 117 5 M
456 65 213 279 72 223 284 3 M
456 181 183 196 186 188 200 1 B
457 114 153 108 121 162 110 3 M
457 142 158 106 149 170 115 5 M
459 127 324 153 133 330 156 1 B
459 127 332 109 139 338 112 1 B
459 404 169 174 409 174 176 1 B
460 150 165 250 155 168 252 3 M
460 152 139 261 157 143 263 3 M
461 99 269 84 104 275 87 1 B
461 147 285 110 158 293 112 1 B
461 161 115 139 167 122 141 4 M
461 186 304 61 191 310 65 3 M
464 113 181 111 116 184 113 1 B
464 138 257 40 145 265 41 5 M
469 311 337 60 317 342 63 1 B
476 156 182 115 164 191 118 3 M
476 194 360 135 204 366 141 3 M
